    CustomerID Genre Age Annual.Income..k.. Spending.Score..1.100. cluster
1            1     2  19                 15                     39       1
2            2     2  21                 15                     81       2
3            3     1  20                 16                      6       1
4            4     1  23                 16                     77       2
5            5     1  31                 17                     40       1
6            6     1  22                 17                     76       2
7            7     1  35                 18                      6       1
8            8     1  23                 18                     94       2
9            9     2  64                 19                      3       1
10          10     1  30                 19                     72       2
11          11     2  67                 19                     14       1
12          12     1  35                 19                     99       2
13          13     1  58                 20                     15       1
14          14     1  24                 20                     77       2
15          15     2  37                 20                     13       1
16          16     2  22                 20                     79       2
17          17     1  35                 21                     35       1
18          18     2  20                 21                     66       2
19          19     2  52                 23                     29       1
20          20     1  35                 23                     98       2
21          21     2  35                 24                     35       1
22          22     2  25                 24                     73       2
23          23     1  46                 25                      5       1
24          24     2  31                 25                     73       2
25          25     1  54                 28                     14       1
26          26     2  29                 28                     82       2
27          27     1  45                 28                     32       1
28          28     2  35                 28                     61       3
29          29     1  40                 29                     31       1
30          30     1  23                 29                     87       2
31          31     2  60                 30                      4       1
32          32     1  21                 30                     73       2
33          33     2  53                 33                      4       1
34          34     2  18                 33                     92       2
35          35     1  49                 33                     14       1
36          36     1  21                 33                     81       2
37          37     1  42                 34                     17       1
38          38     1  30                 34                     73       2
39          39     1  36                 37                     26       1
40          40     1  20                 37                     75       2
41          41     1  65                 38                     35       1
42          42     2  24                 38                     92       2
43          43     2  48                 39                     36       1
44          44     1  31                 39                     61       3
45          45     1  49                 39                     28       1
46          46     1  24                 39                     65       3
47          47     1  50                 40                     55       3
48          48     1  27                 40                     47       3
49          49     1  29                 40                     42       3
50          50     1  31                 40                     42       3
51          51     1  49                 42                     52       3
52          52     2  33                 42                     60       3
53          53     1  31                 43                     54       3
54          54     2  59                 43                     60       3
55          55     1  50                 43                     45       3
56          56     2  47                 43                     41       3
57          57     1  51                 44                     50       3
58          58     2  69                 44                     46       3
59          59     1  27                 46                     51       3
60          60     2  53                 46                     46       3
61          61     2  70                 46                     56       3
62          62     2  19                 46                     55       3
63          63     1  67                 47                     52       3
64          64     1  54                 47                     59       3
65          65     2  63                 48                     51       3
66          66     2  18                 48                     59       3
67          67     1  43                 48                     50       3
68          68     1  68                 48                     48       3
69          69     2  19                 48                     59       3
70          70     1  32                 48                     47       3
71          71     2  70                 49                     55       3
72          72     1  47                 49                     42       3
73          73     1  60                 50                     49       3
74          74     1  60                 50                     56       3
75          75     2  59                 54                     47       3
76          76     2  26                 54                     54       3
77          77     1  45                 54                     53       3
78          78     2  40                 54                     48       3
79          79     1  23                 54                     52       3
80          80     1  49                 54                     42       3
81          81     2  57                 54                     51       3
82          82     2  38                 54                     55       3
83          83     2  67                 54                     41       3
84          84     1  46                 54                     44       3
85          85     1  21                 54                     57       3
86          86     2  48                 54                     46       3
87          87     1  55                 57                     58       3
88          88     1  22                 57                     55       3
89          89     1  34                 58                     60       3
90          90     1  50                 58                     46       3
91          91     1  68                 59                     55       3
92          92     2  18                 59                     41       3
93          93     2  48                 60                     49       3
94          94     1  40                 60                     40       3
95          95     1  32                 60                     42       3
96          96     2  24                 60                     52       3
97          97     1  47                 60                     47       3
98          98     1  27                 60                     50       3
99          99     2  48                 61                     42       3
100        100     2  20                 61                     49       3
101        101     1  23                 62                     41       3
102        102     1  49                 62                     48       3
103        103     2  67                 62                     59       3
104        104     2  26                 62                     55       3
105        105     2  49                 62                     56       3
106        106     1  21                 62                     42       3
107        107     1  66                 63                     50       3
108        108     2  54                 63                     46       3
109        109     2  68                 63                     43       3
110        110     2  66                 63                     48       3
111        111     2  65                 63                     52       3
112        112     1  19                 63                     54       3
113        113     1  38                 64                     42       3
114        114     2  19                 64                     46       3
115        115     1  18                 65                     48       3
116        116     1  19                 65                     50       3
117        117     1  63                 65                     43       3
118        118     1  49                 65                     59       3
119        119     1  51                 67                     43       3
120        120     1  50                 67                     57       3
121        121     2  27                 67                     56       3
122        122     1  38                 67                     40       3
123        123     1  40                 69                     58       3
124        124     2  39                 69                     91       4
125        125     1  23                 70                     29       3
126        126     1  31                 70                     77       4
127        127     2  43                 71                     35       5
128        128     2  40                 71                     95       4
129        129     2  59                 71                     11       5
130        130     2  38                 71                     75       4
131        131     2  47                 71                      9       5
132        132     2  39                 71                     75       4
133        133     1  25                 72                     34       3
134        134     1  31                 72                     71       4
135        135     2  20                 73                      5       5
136        136     1  29                 73                     88       4
137        137     1  44                 73                      7       5
138        138     2  32                 73                     73       4
139        139     2  19                 74                     10       5
140        140     1  35                 74                     72       4
141        141     1  57                 75                      5       5
142        142     2  32                 75                     93       4
143        143     1  28                 76                     40       3
144        144     1  32                 76                     87       4
145        145     2  25                 77                     12       5
146        146     2  28                 77                     97       4
147        147     2  48                 77                     36       5
148        148     1  32                 77                     74       4
149        149     1  34                 78                     22       5
150        150     2  34                 78                     90       4
151        151     2  43                 78                     17       5
152        152     2  39                 78                     88       4
153        153     1  44                 78                     20       5
154        154     1  38                 78                     76       4
155        155     1  47                 78                     16       5
156        156     1  27                 78                     89       4
157        157     2  37                 78                      1       5
158        158     1  30                 78                     78       4
159        159     2  34                 78                      1       5
160        160     1  30                 78                     73       4
161        161     1  56                 79                     35       5
162        162     1  29                 79                     83       4
163        163     2  19                 81                      5       5
164        164     1  31                 81                     93       4
165        165     2  50                 85                     26       5
166        166     1  36                 85                     75       4
167        167     2  42                 86                     20       5
168        168     1  33                 86                     95       4
169        169     1  36                 87                     27       5
170        170     2  32                 87                     63       4
171        171     2  40                 87                     13       5
172        172     2  28                 87                     75       4
173        173     2  36                 87                     10       5
174        174     2  36                 87                     92       4
175        175     1  52                 88                     13       5
176        176     1  30                 88                     86       4
177        177     2  58                 88                     15       5
178        178     2  27                 88                     69       4
179        179     2  59                 93                     14       5
180        180     2  35                 93                     90       4
181        181     1  37                 97                     32       5
182        182     1  32                 97                     86       4
183        183     2  46                 98                     15       5
184        184     1  29                 98                     88       4
185        185     1  41                 99                     39       5
186        186     2  30                 99                     97       4
187        187     1  54                101                     24       5
188        188     2  28                101                     68       4
189        189     1  41                103                     17       5
190        190     1  36                103                     85       4
191        191     1  34                103                     23       5
192        192     1  32                103                     69       4
193        193     2  33                113                      8       5
194        194     1  38                113                     91       4
195        195     1  47                120                     16       5
196        196     1  35                120                     79       4
197        197     1  45                126                     28       5
198        198     2  32                126                     74       4
199        199     2  32                137                     18       5
200        200     2  30                137                     83       4