    CustomerID Genre Age Annual.Income..k.. Spending.Score..1.100. cluster
1            1     2  19                 15                     39       1
2            2     2  21                 15                     81       1
3            3     1  20                 16                      6       1
4            4     1  23                 16                     77       1
5            5     1  31                 17                     40       1
6            6     1  22                 17                     76       1
7            7     1  35                 18                      6       1
8            8     1  23                 18                     94       1
9            9     2  64                 19                      3       2
10          10     1  30                 19                     72       1
11          11     2  67                 19                     14       2
12          12     1  35                 19                     99       1
13          13     1  58                 20                     15       2
14          14     1  24                 20                     77       1
15          15     2  37                 20                     13       1
16          16     2  22                 20                     79       1
17          17     1  35                 21                     35       1
18          18     2  20                 21                     66       1
19          19     2  52                 23                     29       1
20          20     1  35                 23                     98       1
21          21     2  35                 24                     35       1
22          22     2  25                 24                     73       1
23          23     1  46                 25                      5       2
24          24     2  31                 25                     73       1
25          25     1  54                 28                     14       2
26          26     2  29                 28                     82       1
27          27     1  45                 28                     32       1
28          28     2  35                 28                     61       1
29          29     1  40                 29                     31       1
30          30     1  23                 29                     87       1
31          31     2  60                 30                      4       2
32          32     1  21                 30                     73       1
33          33     2  53                 33                      4       2
34          34     2  18                 33                     92       3
35          35     1  49                 33                     14       2
36          36     1  21                 33                     81       1
37          37     1  42                 34                     17       2
38          38     1  30                 34                     73       1
39          39     1  36                 37                     26       1
40          40     1  20                 37                     75       1
41          41     1  65                 38                     35       2
42          42     2  24                 38                     92       3
43          43     2  48                 39                     36       1
44          44     1  31                 39                     61       1
45          45     1  49                 39                     28       2
46          46     1  24                 39                     65       1
47          47     1  50                 40                     55       1
48          48     1  27                 40                     47       1
49          49     1  29                 40                     42       1
50          50     1  31                 40                     42       1
51          51     1  49                 42                     52       1
52          52     2  33                 42                     60       1
53          53     1  31                 43                     54       1
54          54     2  59                 43                     60       1
55          55     1  50                 43                     45       1
56          56     2  47                 43                     41       1
57          57     1  51                 44                     50       1
58          58     2  69                 44                     46       2
59          59     1  27                 46                     51       1
60          60     2  53                 46                     46       2
61          61     2  70                 46                     56       2
62          62     2  19                 46                     55       1
63          63     1  67                 47                     52       2
64          64     1  54                 47                     59       1
65          65     2  63                 48                     51       2
66          66     2  18                 48                     59       1
67          67     1  43                 48                     50       1
68          68     1  68                 48                     48       2
69          69     2  19                 48                     59       1
70          70     1  32                 48                     47       1
71          71     2  70                 49                     55       2
72          72     1  47                 49                     42       2
73          73     1  60                 50                     49       2
74          74     1  60                 50                     56       2
75          75     2  59                 54                     47       2
76          76     2  26                 54                     54       1
77          77     1  45                 54                     53       1
78          78     2  40                 54                     48       1
79          79     1  23                 54                     52       1
80          80     1  49                 54                     42       2
81          81     2  57                 54                     51       2
82          82     2  38                 54                     55       1
83          83     2  67                 54                     41       2
84          84     1  46                 54                     44       2
85          85     1  21                 54                     57       1
86          86     2  48                 54                     46       2
87          87     1  55                 57                     58       2
88          88     1  22                 57                     55       1
89          89     1  34                 58                     60       1
90          90     1  50                 58                     46       2
91          91     1  68                 59                     55       2
92          92     2  18                 59                     41       1
93          93     2  48                 60                     49       2
94          94     1  40                 60                     40       2
95          95     1  32                 60                     42       1
96          96     2  24                 60                     52       1
97          97     1  47                 60                     47       2
98          98     1  27                 60                     50       1
99          99     2  48                 61                     42       2
100        100     2  20                 61                     49       1
101        101     1  23                 62                     41       1
102        102     1  49                 62                     48       2
103        103     2  67                 62                     59       2
104        104     2  26                 62                     55       1
105        105     2  49                 62                     56       2
106        106     1  21                 62                     42       1
107        107     1  66                 63                     50       2
108        108     2  54                 63                     46       2
109        109     2  68                 63                     43       2
110        110     2  66                 63                     48       2
111        111     2  65                 63                     52       2
112        112     1  19                 63                     54       1
113        113     1  38                 64                     42       2
114        114     2  19                 64                     46       1
115        115     1  18                 65                     48       1
116        116     1  19                 65                     50       1
117        117     1  63                 65                     43       2
118        118     1  49                 65                     59       2
119        119     1  51                 67                     43       2
120        120     1  50                 67                     57       2
121        121     2  27                 67                     56       3
122        122     1  38                 67                     40       2
123        123     1  40                 69                     58       3
124        124     2  39                 69                     91       3
125        125     1  23                 70                     29       2
126        126     1  31                 70                     77       3
127        127     2  43                 71                     35       2
128        128     2  40                 71                     95       3
129        129     2  59                 71                     11       2
130        130     2  38                 71                     75       3
131        131     2  47                 71                      9       2
132        132     2  39                 71                     75       3
133        133     1  25                 72                     34       2
134        134     1  31                 72                     71       3
135        135     2  20                 73                      5       2
136        136     1  29                 73                     88       3
137        137     1  44                 73                      7       2
138        138     2  32                 73                     73       3
139        139     2  19                 74                     10       2
140        140     1  35                 74                     72       3
141        141     1  57                 75                      5       2
142        142     2  32                 75                     93       3
143        143     1  28                 76                     40       2
144        144     1  32                 76                     87       3
145        145     2  25                 77                     12       2
146        146     2  28                 77                     97       3
147        147     2  48                 77                     36       2
148        148     1  32                 77                     74       3
149        149     1  34                 78                     22       2
150        150     2  34                 78                     90       3
151        151     2  43                 78                     17       2
152        152     2  39                 78                     88       3
153        153     1  44                 78                     20       2
154        154     1  38                 78                     76       3
155        155     1  47                 78                     16       2
156        156     1  27                 78                     89       3
157        157     2  37                 78                      1       2
158        158     1  30                 78                     78       3
159        159     2  34                 78                      1       2
160        160     1  30                 78                     73       3
161        161     1  56                 79                     35       2
162        162     1  29                 79                     83       3
163        163     2  19                 81                      5       2
164        164     1  31                 81                     93       3
165        165     2  50                 85                     26       2
166        166     1  36                 85                     75       3
167        167     2  42                 86                     20       2
168        168     1  33                 86                     95       3
169        169     1  36                 87                     27       2
170        170     2  32                 87                     63       3
171        171     2  40                 87                     13       2
172        172     2  28                 87                     75       3
173        173     2  36                 87                     10       2
174        174     2  36                 87                     92       3
175        175     1  52                 88                     13       2
176        176     1  30                 88                     86       3
177        177     2  58                 88                     15       2
178        178     2  27                 88                     69       3
179        179     2  59                 93                     14       2
180        180     2  35                 93                     90       4
181        181     1  37                 97                     32       5
182        182     1  32                 97                     86       4
183        183     2  46                 98                     15       2
184        184     1  29                 98                     88       4
185        185     1  41                 99                     39       5
186        186     2  30                 99                     97       4
187        187     1  54                101                     24       2
188        188     2  28                101                     68       4
189        189     1  41                103                     17       2
190        190     1  36                103                     85       4
191        191     1  34                103                     23       5
192        192     1  32                103                     69       4
193        193     2  33                113                      8       5
194        194     1  38                113                     91       4
195        195     1  47                120                     16       5
196        196     1  35                120                     79       4
197        197     1  45                126                     28       5
198        198     2  32                126                     74       4
199        199     2  32                137                     18       5
200        200     2  30                137                     83       4